0000000000000000000000000000000000000000
0000000000000000000000000000000000000000
0000000000000000000000000000000000000000
0000000000000000000000000000000000000000
0000000000000000000000000000000000000000
0000000000000000000000000000000000000000
0000000000000000000000000010000000000000
0000000000000000000000001010000000000000
0000000000000011000000110000000000001100
0000000000000100010000110000000000001100
0011000000001000001000110000000000000000
0011000000001000101100001010000000000000
0000000000001000001000000010000000000000
0000000000000100010000000000000000000000
0000000000000011000000000000000000000000
0000000000000000000000000000000000000000
0000000000000000000000000000000000000000
0000000000000000000000000000000000000000
0000000000000000000000000000000000000000
0000000000000000000000000000000000000000